x170F
13 5F 00 00 
2F 20 20 20 20 95 90 8A ED 20 20 20 20 20 20 20 20 20 20 20 20 20 20 20 20 20 20 20 20 20 20 20 20 20 20 20 20 20 20 
2F 20 20 20 20 91 95 8D 62 20 20 20 20 20 20 20 20 20 20 20 20 20 20 20 20 20 20 20 20 20 20 20 20 20 20 20 20 20 20 
2F 20 20 20 20 83 47 83 93 83 57 83 93 20 81 40 20 20 20 20 20 20 20 20 20 20 20 20 20 20 20 20 20 20 20 20 20 20 20 
2F 20 20 20 20 91 C7 81 40 20 20 20 20 20 20 20 20 20 20 20 20 20 20 20 20 20 20 20 20 20 20 20 20 20 20 20 20 20 20 
2F 
2F 20 20 20 20 83 52 83 93 83 65 83 69 20 20 20 20 20 20 20 20 20 20 20 20 20 20 20 20 20 20 20 20 20 20 20 20 20 
2F 20 20 20 20 20 20 20 20 20 20 20 20 20 20 20 20 20 20 20 20 20 20 20 20 20 20 20 20 20 20 20 20 20 20 20 20 
2F 20 20 20 20 20 20 20 20 20 20 20 20 20 20 20 20 20 20 20 20 20 20 20 20 20 20 20 20 20 20 20 20 20 20 20 20 
2F 20 20 20 20 20 20 20 20 20 20 20 20 20 20 20 20 20 20 20 20 20 20 20 20 20 20 20 20 20 20 20 20 20 20 20 20 
2F 20 20 20 20 20 20 20 20 20 20 20 20 20 20 20 20 20 20 20 20 20 20 20 20 20 20 20 20 20 20 20 20 20 20 20 20 20 20 
2F 
2F 
2F 00

1 line is 38 spaces wide


MINE
7F 2F 20 20 20 20 57 65 61 70 6F 6E 20 20 20 20 20 20 20 20 20 20 20 20 20 20 20 20 20 20 20 20 20 20 20 20 20 20 20 
2F 20 20 20 20 41 72 6D 6F 72 20 20 20 20 20 20 20 20 20 20 20 20 20 20 20 20 20 20 20 20 20 20 20 20 20 20 20 20 20 
2F 20 20 20 20 45 6E 67 69 6E 65 20 20 20 20 20 20 20 20 20 20 20 20 20 20 20 20 20 20 20 20 20 20 20 20 20 20 20 20 
2F 20 20 20 20 52 75 64 64 65 72 20 20 20 20 20 20 20 20 20 20 20 20 20 20 20 20 20 20 20 20 20 20 20 20 20 20 20 20 
2F 
2F 20 20 20 20 48 6F 6C 64 20 20 20 20 20 20 20 20 20 20 20 20 20 20 20 20 20 20 20 20 20 20 20 20 20 20 20 20 20 
2F 20 20 20 20 20 20 20 20 20 20 20 20 20 20 20 20 20 20 20 20 20 20 20 20 20 20 20 20 20 20 20 20 20 20 20 20 
2F 20 20 20 20 20 20 20 20 20 20 20 20 20 20 20 20 20 20 20 20 20 20 20 20 20 20 20 20 20 20 20 20 20 20 20 20 
2F 20 20 20 20 20 20 20 20 20 20 20 20 20 20 20 20 20 20 20 20 20 20 20 20 20 20 20 20 20 20 20 20 20 20 20 20 
2F 20 20 20 20 20 20 20 20 20 20 20 20 20 20 20 20 20 20 20 20 20 20 20 20 20 20 20 20 20 20 20 20 20 20 20 20 20 20 
2F 
2F 
2F 00 





13 5F 00 00 
2F 20 20 20 20 95 90 8A ED 20 20 20 20 20 20 20 83 7E 83 62 83 68 83 47 83 41 81 5B 82 72 82 6F 81 40 81 40 20 20 20 
2F 20 20 20 20 91 95 8D 62 20 20 20 20 20 20 20 83 58 83 4A 83 43 83 89 83 43 83 74 82 56 82 4F 82 4F 82 50 20 20 20 
2F 20 20 20 20 83 47 83 93 83 57 83 93 20 81 40 20 82 72 82 6B 83 7E 83 85 81 5B 83 67 82 51 82 4F 82 4F 82 4F 20 20 
2F 20 20 20 20 91 C7 81 40 20 20 20 20 20 20 20 83 58 83 4A 83 43 83 89 83 43 83 74 82 71 82 52 82 4F 81 40 20 20 20 
2F 
2F 20 20 20 20 83 52 83 93 83 65 83 69 20 20 20 83 7B 83 80 28 90 D4 29 81 40 81 40 81 40 81 40 81 40 81 40 20 20 
2F 20 20 20 20 20 20 20 20 20 20 20 20 20 20 20 20 20 20 20 20 20 20 20 20 20 20 20 20 20 20 20 20 20 20 20 20 
2F 20 20 20 20 20 20 20 20 20 20 20 20 20 20 20 20 20 20 20 20 20 20 20 20 20 20 20 20 20 20 20 20 20 20 20 20 
2F 20 20 20 20 20 20 20 20 20 20 20 20 20 20 20 20 20 20 20 20 20 20 20 20 20 20 20 20 20 20 20 20 20 20 20 20 
2F 20 20 20 20 20 20 20 20 20 20 20 20 20 20 20 20 20 20 20 20 20 20 20 20 20 20 20 20 20 20 20 20 20 20 20 20 20 20 
2F 2F 2F
00
x170F	5F0F
Equip1	1723	$C0/6FD5 A0 23 5F    LDY #$5F23		+14
		174A	$C0/6FDF A0 4A 5F    LDY #$5F4A		+3B
		1772	$C0/6FE9 A0 72 5F    LDY #$5F72		+63
		1798	$C0/6FF3 A0 98 5F    LDY #$5F98		+89
		17C0	$C0/7004 A0 C0 5F    LDY #$5FC0		+B1