　　　　　　Ｒａｚｚｌｅ　Ｔｏｗｎ		81 40 81 40 81 40 81 40 81 40 81 40 82 71 82 81 82 9A 82 9A 82 8C 82 85 81 40 82 73 82 8F 82 97 82 8E 2A
　　　　　　Ｌａｎｄｏｓ　Ｂａｓｅ
　　　　　　Ｋａｚｕｓａ　Ｂａｓｅ
　　　　　　Ｆｏｒｔ　Ｆａｔｒａｓ
　　Ｐｅｐｐｅｒｍｉｎｔ　Ｊｕｎｋｔｏｗｎ
　　　　　Ｅｌｄｅｒ　Ｖｉｌｌａｇｅ
　　　　　　Ｃｌｏｕｄ　Ｔｅｍｐｌｅ
　　　　　　Ｓａｌｖａｇｅ　Ｓｈｉｐ

x3614			01 00 24 81 40 81 40 81 40 81 40 81 40 81 40 81 40 81 40 83 43 83 43 83 59 83 8B 83 5E 83 45 83 93 2A 00 
　　　　　　　　イイズルタウン




0123456798
82 4F 82 50 82 51 82 52 82 53 82 54 82 55 82 56 82 57 82 58

x3614	01 00 24 81 40 81 40 81 40 81 40 81 40 81 40 81 40 81 40 83 43 83 43 83 59 83 8B 83 5E 83 45 83 93 2A 00 
		イイズルタウン	
x3637	04 00 25 81 40 81 40 81 40 81 40 81 40 81 40 81 40 81 40 83 89 83 93 83 68 83 58 83 78 81 5B 83 58 2A 00 
　　　　ランドスベース
x365A	06 00 26 81 40 81 40 81 40 81 40 81 40 81 40 81 40 81 40 83 4A 83 59 83 54 83 78 81 5B 83 58 2A 00 
		カズサベース
x367B	08 00 27 81 40 81 40 81 40 81 40 81 40 81 40 83 74 83 48 81 5B 83 67 81 45 83 74 83 40 83 67 83 89 83 58 2A 00 
　　　　フォート・ファトラス
x36A0	0A 00 28 81 40 81 40 81 40 81 40 81 40 83 57 83 83 83 93 83 4E 83 5E 83 45 83 93 81 40 83 79 83 70 83 7E 83 93 83 67 2A 00 
		ジャンクタウン　ペパミント
x36C9	0C 00 29 81 40 81 40 81 40 81 40 81 40 81 40 81 40 81 40 8C C3 91 E3 96 AF 82 CC 89 42 82 EA 97 A2 2A 00 
		古代民の隠れ里
x36EC	10 00 2B 81 40 81 40 81 40 81 40 81 40 81 40 81 40 81 40 81 40 89 5F 82 CC 90 5F 93 61 2A 00 
		雲の神殿
x370B	0E 00 2A 81 40 81 40 81 40 81 40 81 40 81 40 81 40 81 40 83 54 83 8B 83 78 81 5B 83 57 91 44 2A 00
		サルベージ船
		
Razzle Town		85 71 85 80 85 99 85 99 85 8B 85 84 85 3F 85 73 85 8E 85 96 85 8D 
